109988769
12440600
208049563
81673565
98418805
56478723
145841961
48805077
39824052
113904704
144898837
51842454
142773061
95176333
239935549
31910583
244873599
108908654
130944488
45555080
182552114
55593131
91974502
15645092
91484265
242195791
244911629
188687210
10829106
235657241
218984073
195000242
52929703
33879911
109487792
222528753
148740647
186779732
65829065
135663419
180252745
207960148
203709888
65753947
219565592
61931303
202455817
143220472
54598806
151266068
134377453
240079001
19969413
49393187
245990237
209729173
46065391
64987113
139393186
47675399
87702574
21836613
180802551
28855059
248705021
230936762
199318930
195377414
98260552
172889482
192702104
125386301
24766011
160264948
88182600
156421377
110998831
238607388
58382708
194525528
177654846
143575120
29211106
49588410
242147675
65354207
49250327
79190961
138908927
134707201
10799634
10764391
129055957
54365078
155800201
201631128
33009584
131240122
107473149
199708788
239150287
110012370
68384267
220833608
16546171
89311803
104746033
52716128
173184371
134383904
69745739
109180171
176051994
87991368
26249434
120520731
56815475
159115008
58453456
42406180
224550671
89269133
80153257
139182148
176411679
171039309
201614547
72384678
112450235
97350469
134004890
147771101
161029181
26308957
99092163
180055339
18478549
189097157
174616339
106429924
117801103
73441772
186933056
125297303
73631077
17044641
92817152
231038086
172274779
160144592
234131415
17345197
154589541
55108184
105266625
53640492
93791148
226330821
184094147
213110002
28116091
82202410
198198553
19708302
55533397
29645631
206213497
65739075
111830028
13325467
37279979
133359102
199914532
91846428
86643638
19794914
33907851
45643572
59501873
146763716
96134424
244654502
78186390
215507085
32025817
136625137
141873838
167751048
108432702
135757399
196674997
46384447
137588664
151139537
197607301
49290686
109500723
15896629
169013444
218327082
94846612
205903797
167926846
14089251
122857596
20977364
85173294
202153380
40110436
145688687
23612517
36358129
238519431
33137771
51787382
235618033
84124215
61957726
33149358
129822490
24133885
62812815
63308425
188835061
48911282
151153053
68005920
248517075
247753174
231724886
226020051
142886558
233405349
163566394
48253793
185763665
213828759
13468363
56780586
198232043
194331947
144539359
39354392
73660773
66571674
245340126
64077937
98829315
175367887
169159913
144926193
166162396
217601506
229349322
36027261
17230791
229261705
228463685
98315090
105927313
174378372
111162194
36646683
69813115
82892752
145887100
51090646
184871981
242749360
102362692
146875545
162699116
201515554
160987227
133964864
182920578
15701204
235550319
225671845
176516245
58388579
160145010
16749742
105447869
61688671
144697014
70102548
32147402
200527392
70305180
144330465
13971645
145230998
199419900
198398256
88813440
40816963
156274359
83561797
78595947
60427449
104397231
173729332
106370423
165147352
184677830
204482569
146989855
247676026
130497654
138924046
167997907
243113175
178467271
230040095
48079049
111279544
178843304
185851789
209204537
73925784
85531928
109053530
104168111
32247614
103542543
164173208
187472870
65170155
158962615
190265030
47325403
13437448
48429982
172943279
229196847
102942957
84879494
160543222
85884970
19410522
68868073
154130046
119872134
93255751
104119259
42908529
194176882
99767812
175593821
146270095
226026812
201146945
41749325
118341740
12675173
191221751
65381880
244381226
64102628
131970972
127981155
208559474
152841213
221463591
86713622
33396205
54571285
21108135
179768378
174654272
191118770
197410499
40038093
25396479
168179059
10275166
90894698
151039008
166583061
157743369
237854108
243909277
84528997
85598115
15141752
39054713
115161840
164011902
66563330
33864087
174386481
171332566
130092250
43828085
57258657
74344033
214670895
232276114
21318906
234822418
229044860
200287764
65986842
242077660
204079262
43448897
18588218
100719233
149093619
15916381
239109031
171472004
134003553
128064223
35139736
189466951
187967850
15382687
203674935
95038729
233951256
92096184
60846690
56997483
89570141
26976284
49000362
123404900
142526914
143807488
41680835
15906232
45213481
225874307
42722012
174078930
143319497
154017414
234856895
71359433
178611731
134209444
98449232
106263009
58566736
34200311
231124827
163676752
50763991
202747155
54334132
168942948
150794879
201226334
108941042
239249923
182580967
117804592
39056322
71944552
41763610
135078996
203405046
188122955
162897955
112444349
76831422
202930996
171090855
169265248
143971789
199756760
151330594
73200730
99649683
84337271
80000872
225620995
180773875
157270397
118217357
126492901
35233817
123892864
151076219
94064751
131735835
249829729
229117753
28485641
237045476
200675393
204952058
203104899
60076638
41684508
164063034
208690836
34475121
13451530
237274966
228404949
72745438
208971863
81660194
211964815
13113383
156013686
63941303
162607000
16015427
165334201
33949427
116468774
26793307
102063606
47438027
88713212
122694563
168187343
162067357
135649062
214659819
108596496
44595967
174467553
95721520
234344768
103645356
13323617
92525206
240315443
124716799
207484210
98309713
156019978
28220615
58594866
34968027
106602630
87623864
143873386
165704465
67583234
74357875
15900032
39199754
101547317
225815856
55185524
107872587
13077438
151307316
110993950
89487841
103560832
75454958
107939734
54345785
181013330
233952608
227633154
97941859
12790611
194538634
120771028
140858263
167390792
204785048
134306368
114261409
41549424
20046056
49698332
47119792
235792244
146044469
16584199
86373664
108876054
210273751
109186002
141236440
73371970
87554281
29139328
197904156
127354052
185534435
147319887
31358797
74522674
86840192
197956871
93156361
241753412
201204516
175781449
137582184
176170742
91293523
34534823
215982544
120290469
239980481
185674836
147850579
112498370
174670905
68170615
94766519
86713303
206454620
237959511
33323048
15881202
94646174
173829901
115059709
192412492
242357739
169908479
169859995
44358592
150409261
160624708
56850876
16215769
172770720
248384333
165201553
58186308
218898225
86223183
91915306
205228604
200588448
233475019
222336689
10567591
64898037
149886255
65626543
214259301
186720850
191448862
236540690
179841897
241221531
121959648
42602596
133984439
237695188
157413702
87317675
33642120
42196725
39427258
180564247
88821864
114305670
244123214
89711373
166840997
93773731
102548556
112358346
116696351
38053068
164026205
143496222
36795201
243866577
246881472
75981568
91753466
197354764
131485396
145973424
193459598
190398795
73689239
126911408
204508518
221881996
217868030
201923904
167973942
16266460
97773694
180175038
68307481
25112693
152554362
194401271
249073879
184770789
117687665
17689945
173178020
224177662
134321363
145038523
32128676
86990128
152103227
202698431
87893330
209621103
151167996
143187603
58225718
176824318
42875231
110907431
222762887
218300445
236681890
56474778
227076336
122497628
49467674
225132628
238058437
243571075
96030216
63979723
231923680
181068991
232119759
185059902
246312191
185204451
206772136
231485815
113137539
230762770
109290612
240641958
140121757
163807327
12343616
91459000
75996342
12879416
85128682
71727104
36105119
71345107
216489013
61725785
177970336
248057110
12179244
180660737
42259477
54355690
83905600
230302205
220299930
32021975
199629393
30298913
96087296
249951375
221110293
36338995
146097540
110937267
172025200
216079234
143838514
233711873
225134969
49233930
23670014
57516753
131898662
176793816
215039218
185458897
167041161
154234453
166985171
106026475
169071836
210702542
215550551
182465307
172147671
27361205
88711405
119346554
83693442
57582070
99921554
210034770
74131419
234528280
11518730
111269655
183112199
191160293
12863929
37636923
26990707
145637475
32731574
105129454
77734691
34594643
99926743
114522844
148807841
92865131
26535568
88951765
176583746
10858592
135239619
14685463
217411318
57198868
138068095
31928445
141351837
200280514
229499858
199530986
224485432
11867329
203389121
21762724
218933751
249117877
182235306
155519187
185973249
30823431
217223379
30978673
67297790
74817376
175020083
104463782
102614293
130476439
190792721
211558682
212825542
77982089
22578460
32637504
37588622
188963698
30220475
191557019
10430106
174857186
69355644
164786996
192469305
167093596
27759006
14976852
101843075
227681892
121475985
73069109
122956874
206909504
59701182
39617099
230431814
111780333
116511111
84618712
68671134
216867356
202598523
70973529
183994703
230569886
110256686
245433258
31793733
211055370
214193120
70540364
76439777
75272156
42783377
204665001
177610380
199124063
164107059
72736368
30914709
72032006
199195291
14713788
138025510
87141335
79242553
90341973
151992558
50544427
48171335
213896339
191075922
96341660
69707969
150294765
233795965
199148538
116343690
162296712
96219113
180232965
134299520
16524583
171746401
219179024
126332635
48410701
82808970
56173396
211588077
186500643
81364001
82611752
40315997
115663356
244256596
191657938
234533815
27853088
232126400
229083420
204599809
40750458
218525537
244741201
187681876
133493805
92303982
220825051
153646190
87526635
29738996
14174023
178480255
80950589
41730685
83684278
120892948
213297665
123800704
40904374
208834027
171872547
141034099
225609349
107261859
102913041
23142582
176981125
159212978
237398840
11881627
109089564
114973519
109680005
20396640
205505863
20313175
163642883
85007046
111910259
211106760
59004456
132760005
74013568
156421315
140608188
170162851
32911606
161838001
168921231
26259812
242607069
214186011
200348441
198744170
130030221
229683468
47202612
188492430
244394264
25061407
165708020
243569818
44026208
144192754
225487092
73301316
60402018
182254504
200635166
236011066
166613231
22923794
207081459
78632747
145244194
183012739
244756316
142331326
44746865
132816775
143182014
190502912
55854093
142389509
21915446
246403475
15429316
139845785
51896905
75939930
106538909
70741112
72666750
84077118
129806885
239546813
60206635
51434221
20293866
229753152
197932685
209332556
45893359
115940999
171156072
137519215
185758471
56611458
226618253
152068620
156852021
150646721
116293398
13017920
49295551
125488392
29658177
152803194
55605951
174312228
107202062
167824704
72872936
39900556
169436936
208123341
60637529
18796344
218469125
190781623
194051379
199766386
110140726
238252132
203817691
191381376
235752017
227943668
145600845
23551886
151600397
128971460
14059908
85421865
206855636
159950691
233264938
191418057
54569476
181187210
21258887
218647115
80625859
243047473
21446803
188186546
34324740
217134318
206172088
132943058
145161648
62783434
97467921
45600419
104439390
43106627
162194426
128303606
95287151
93101740
238467254
237476957
245016362
97019495
29681022
49064557
216503151
94224530
45291728
239356537
63540059
144477857
109254944
43147419
99334494
199213336
140320151
215871215
13852490
35874370
113704935
164109729
108747616
76241851
205445157
214678542
165808393
41788806
187817840
155820983
186355322
186548021
145188460
102265604
210979405
232116317
238327315
82845333
60750852
56222621
173409571
241429874
67352557
117826344
140830336
109954558
141677721
99015950
150827235
244736754
193394195
241094998
111092221
45876789
58511531
65549408
194769799
63552178
144702643
232540506
111105260
66902505
222992522
244970612
26335888
207425616
243826463
81137588
95974963
56032170
62045411
194683122
116004996
84228630
97491238
227777210
249223184
86705054
74151149
74640839
198158705
228107237
56275906
35138916
89856728
209251150
213370271
238020252
110823623
20388534
21001339
203562270
99945356
50885962
77637805
34022731
229911992
113241043
131167116
57986066
135442188
70885979
235375288
217653682
182458812
145416858
185323841
30329602
96834443
221478221
199873794
85757951
102220895
43446542
10196079
238016352
54278222
202250326
52837279
119231365
140612646
54366072
77464095
43420055
10915216
98357500
211451133
62822521
113864400
104450540
133602319
61415262
21370376
89260536
245032980
149254892
118483073
80666526
182029205
45570680
157275901
129894674
26454719
130229637
91253045
12509975
117889258
58937754
35653486
174766949
142836281
103792261
179076603
220415966
97737832
136320695
223845539
73937639
118373841
126728451
96523725
144513465
199001196
219228895
109039195
78002563
194266530
178817855
75787561
116405666
69328707
135672498
60060765
27003103
73513604
30902601
81915882
88800563
84557644
233108957
193327565
72728555
227204855
125731515
13629278
122654738
30170948
75935234
240621741
137599374
246397894
116088173
90003306
65057217
69393060
195151653
151805367
216621493
125106851
218884281
226133448
27773503
170382351
27946311
94757301
40568892
161820597
39793336
31100729
186618514
172794502
213033732
228128247
181090374
208893737
79203825
119832150
140873632
105452978
120941490
125586333
134188194
19270067
45612581
195233252
217675141
59736226
36925433
66134301
220917588
116386338
245024907
129144498
37863464
193622090
38734243
177108559
249084373
188683629
205303104
112138409
24958852
64174608
216132024
199312444
147830233
58444455
124661562
206516913
36161366
226739833
28786653
183156669
14379218
215181450
85578841
142346097
20515704
170050284
249352906
82531396
211128670
46307576
18796761
170129795
74988067
181563975
25633304
41997129
85846063
134506731
67623375
40340576
36803510
97968482
24939147
140001070
17042302
134864206
86058248
19480050
15306691
149690996
180846348
53235452
147047483
30412824
121780312
205970946
55378548
121534402
226743298
74302056
197814962
28647456
75771806
196378320
218262466
79818830
108676359
89567853
56162027
89110884
211394401
147787399
212490004
146971856
172540375
143159597
60938341
127732604
92667390
64951198
85827985
230744402
241069066
242311962
140723750
76113752
97625433
81198749
240917528
217290668
198979880
134824578
126438238
186583840
223553113
181993941
