





49.964787
50.378364
50.491216
50.494040
51.213201
52.033256
53.492647
53.744386
54.138632
55.976903





49.676489
50.184625
50.250287
50.511723
51.277742
52.108700
52.920421
53.679838
54.313310
56.330548





49.654707
49.840428
49.856132
50.523934
50.862113
52.137809
53.207347
53.383686
54.233838
55.621467





50.059774
50.122643
50.330778
50.506495
50.889712
52.022941
53.389085
53.737377
54.262395
55.476811





49.949214
50.111386
50.387173
50.490532
50.837820
51.863777
52.931435
53.536613
54.116851
55.826389





49.982287
49.985631
50.105505
50.866098
50.989157
52.190196
53.310060
53.779087
54.654652
56.340839





49.611798
50.261221
50.359807
50.932119
50.530548
52.048623
52.884227
53.568076
54.817958
56.092056





49.748293
50.298087
50.404183
50.803427
51.230412
51.915524
53.528101
53.780775
54.369384
56.253954





49.875138
50.218757
50.221366
50.777311
50.900726
51.640629
52.997003
53.763735
54.123876
56.254013





49.727771
50.072832
50.466352
50.777883
51.377789
51.805168
53.124185
54.059318
54.546950
55.825607





49.922790
50.046009
50.453180
50.744124
50.961160
51.847275
53.365649
53.584566
54.366742
55.961802





49.586766
50.035561
50.292641
50.463680
50.876535
52.181517
53.208472
53.809338
53.892779
56.104977





49.672086
49.744950
50.319182
50.592891
50.775417
52.117218
54.031697
52.639879
54.253951
56.182052





49.838293
50.252742
50.302183
50.723897
50.833249
51.853937
52.842304
53.806057
54.088035
55.577094





49.991346
50.393599
50.492420
50.506728
51.063480
52.124541
53.299088
53.675095
54.410326
56.110211





50.025942
50.394684
50.402823
50.780424
51.200789
52.315384
53.463479
54.004504
54.273407
56.205409





49.620621
49.917934
50.177846
51.062066
50.289030
52.133157
53.007539
53.584775
54.198158
55.986710





49.688700
49.904251
50.247187
50.529964
50.938155
51.781433
53.449175
53.471647
54.217860
55.793828





49.843015
49.856791
50.130090
50.408866
50.909726
53.200801
52.535598
53.596652
54.192086
56.280397





50.115466
50.228123
50.331467
50.916236
51.241692
52.317244
53.515394
53.847039
54.519344
56.002080





49.801652
49.899342
50.294920
50.946926
50.925632
51.935641
53.107060
53.288967
54.527009
55.756675





49.836562
49.857651
50.188520
50.635428
51.035784
51.946291
53.029092
53.666399
53.698965
55.933740





49.643383
49.660950
49.902654
50.714613
50.827837
51.779652
53.194720
53.330298
53.897773
55.928926





49.771301
50.107940
50.182214
50.465337
51.348863
51.889059
53.101036
53.696170
53.796989
55.860042





50.068526
50.518948
50.751207
51.062559
51.887839
52.461379
53.783134
54.200889
54.665099
56.691380





49.853142
49.957003
50.075340
50.418570
50.884042
51.336501
52.893789
53.447310
54.311784
55.918806





49.609325
49.713107
50.078566
50.380106
50.676201
51.908229
53.370768
53.500155
54.183211
55.771286





49.187453
49.952830
50.382611
50.912059
51.055133
52.405470
53.102132
53.810938
53.933436
55.956920





49.750297
49.761367
50.269577
50.552104
51.116831
51.986880
52.669811
53.842574
53.960876
55.535429





49.836813
50.135859
50.381931
50.705722
51.005625
51.909923
52.523527
53.446894
54.208827
56.105644





49.995928
50.096947
50.500679
50.735989
51.198242
52.591468
53.341653
53.410294
54.199715
55.972074





49.860517
49.941624
50.105813
50.227714
50.561708
51.972521
53.344002
54.198076
54.263917
56.299116





49.843225
50.096332
50.444154
50.442692
51.235003
52.142946
52.990856
53.260628
54.413040
56.260246





49.701088
49.935291
50.312582
50.873524
51.104507
51.965539
53.286770
53.310170
54.463114
55.993641





49.999429
50.105546
50.620263
50.733749
51.279010
51.703493
53.418694
54.215258
54.309138
56.345226





49.967453
49.986284
50.440290
51.131119
51.472278
52.224014
53.553906
54.406569
54.473663
56.174787





49.663957
50.324908
50.486356
50.472223
51.167498
51.949936
53.283952
53.784329
54.227747
56.272359





49.747534
49.948637
50.306387
50.789974
51.427062
52.139845
53.244673
53.706768
54.586887
56.421472





49.387180
49.814538
50.283023
50.778457
50.886949
52.113671
53.324648
53.385922
54.126615
56.298388





50.030377
50.360426
50.536516
50.773065
51.036500
52.179445
53.529478
53.832244
54.485392
56.165582





50.281970
50.764448
50.900652
50.993792
51.698323
52.834809
53.925344
54.517177
55.215006
57.234048





50.715511
50.745224
51.099853
51.607587
52.007912
52.944237
53.778998
54.773642
54.779208
57.116334





51.150633
51.621330
51.836085
52.264676
52.543679
53.056639
54.442416
55.308777
55.422151
57.445271





50.463999
50.865148
51.314241
51.666692
52.002341
52.713013
54.272403
54.284306
54.799992
57.502953





50.676249
51.057390
51.110391
51.310925
52.011533
52.984536
54.395895
54.911252
55.138941
57.128584





50.465351
51.225539
51.225186
51.532346
51.938881
52.744693
53.791192
54.493691
55.217142
57.159598





50.463842
50.672819
51.148953
51.380318
52.178988
52.577713
54.194084
54.686136
55.315220
56.681956





49.954523
50.587826
50.629019
51.015192
51.099598
52.196381
53.330881
53.812397
54.219733
56.174623





49.248942
50.305521
50.458089
50.597947
51.157708
52.159541
53.421689
53.645670
53.905822
56.104495





49.763315
49.927544
50.243881
50.606343
50.858904
51.752438
53.168405
53.641946
53.971634
55.868146


