





27.631048
30.699762
31.170661
31.573355
31.712125
31.913975
32.907941
33.191590
33.346829
33.452085
33.567253
33.805692
34.103480
35.168837
35.768247
35.839136
35.896068
37.358946
37.514796





28.202461
29.296650
30.644701
30.717696
31.883325
32.387955
32.751143
32.918488
33.402033
33.486211
33.700918
33.799157
34.046908
34.313518
35.093269
35.795742
35.873138
36.515705
36.659426





27.418273
30.053927
30.612853
30.946507
31.521290
32.390417
32.710866
32.709212
32.795159
32.802631
33.306471
33.605084
34.136383
34.188108
35.008280
36.009475
36.583544
37.381877
39.296400





27.990986
30.144516
30.833680
31.169122
31.802969
33.156702
33.188479
33.192979
33.225692
33.315495
33.486821
33.579702
34.034594
34.627304
34.689845
35.178664
35.460810
36.277833
36.925937





27.406347
30.083506
30.316737
31.185500
31.911888
32.607652
33.031272
33.169074
33.349654
33.457879
34.116057
34.214063
34.210669
34.709381
35.160559
35.124167
35.304586
36.440280
37.886330





27.471186
30.344334
30.583689
30.966366
31.570458
32.460376
32.810849
32.950005
33.148283
33.314135
33.442884
33.694903
33.914004
34.343235
34.826678
35.508967
35.927223
37.245801
37.721058





27.468469
30.089135
30.575292
30.999592
31.290989
32.187073
32.799414
32.557519
32.974824
33.494059
33.576690
33.616595
34.182885
34.407811
34.442823
34.614537
35.657116
36.662747
36.995651





27.738833
30.718315
31.378820
30.847978
30.835520
31.892113
32.739690
32.855934
33.047985
33.474937
33.553387
33.606561
34.202088
34.647819
34.871387
35.208167
35.268827
36.610618
37.222628





27.843393
30.155490
30.961762
31.059550
31.037247
32.493679
32.776005
33.033188
33.247036
33.338525
33.515291
33.534691
34.636677
34.875876
35.448542
35.461810
35.568629
36.407564
36.972049





28.030665
31.156179
31.239082
31.703152
32.334296
33.205782
33.344787
33.707582
34.039438
34.205155
34.396299
34.638196
34.665184
35.543452
35.579481
35.651303
36.508020
37.475336
37.695994





27.252630
29.737289
30.212902
30.824686
30.936151
31.972261
33.118516
33.416042
33.489404
33.637089
34.208140
34.386915
34.414251
34.485288
34.811220
35.406649
35.715166
36.380020
36.621847





28.598779
30.619045
31.325287
32.093650
32.392169
32.405820
33.195378
33.526114
33.815117
33.896838
34.114593
34.474525
34.763223
35.366490
35.386772
35.617055
35.984982
37.445050
37.582832





28.776795
30.962328
31.027248
31.331623
31.927415
32.438482
32.715846
32.938126
33.494246
33.532021
33.606470
34.081755
34.095643
34.423070
35.124430
35.731228
36.736665
36.984676
37.820196





28.404786
30.305931
31.025925
31.826117
32.255338
32.515954
33.400877
33.667790
33.697923
33.733450
33.898505
34.719388
34.812498
35.288847
35.341262
35.395006
36.729262
37.594986
38.588290





28.847755
30.788117
31.540982
31.696012
32.896536
33.905222
34.117162
34.346872
34.484191
34.617709
34.723027
34.747773
35.761318
35.852390
36.065232
36.522515
36.713284
37.956229
38.608971





28.704536
30.435621
31.114426
31.642757
31.996656
32.461475
33.675373
33.828690
33.868403
34.016548
34.562754
34.747796
35.383079
35.489568
35.864946
36.494407
36.796276
38.036256
38.083397





29.489568
31.104212
31.927530
32.702053
32.865361
33.065816
33.993728
34.184909
34.395473
34.493191
34.773415
35.594234
35.752269
35.858027
36.325713
36.389765
37.035893
37.501313
38.508610





27.964936
31.068137
31.911433
32.116085
32.523361
32.733183
33.578416
33.806716
34.221161
34.227900
34.475698
35.068203
35.285766
35.335550
35.945855
36.032115
36.991348
37.802957
37.962307





29.081678
31.243828
31.796134
31.779475
32.348710
33.621378
33.649700
33.957710
34.069737
34.382425
34.607778
35.169729
34.910477
35.613077
35.719262
36.484866
36.556863
37.644525
37.786970





29.079824
31.835832
31.831354
32.652741
33.040439
33.431520
33.897783
34.370266
34.538168
34.540714
34.909797
35.244639
35.328821
35.331653
36.008559
36.171371
37.374103
38.033048
38.278601





28.642591
30.501917
30.678093
31.202382
32.012330
33.039265
32.853880
32.127616
33.381989
33.666528
33.695208
33.743612
33.788251
34.266991
34.787605
35.659649
35.842208
36.894102
37.586675





27.797273
29.797158
30.424045
30.824997
31.434252
31.910006
32.522703
32.541684
33.124459
33.198042
33.756713
34.078808
34.327525
34.497360
34.640045
35.027530
35.841701
36.698759
37.509937





28.200894
30.346455
30.888573
31.761081
31.911744
32.182052
32.923802
32.944691
33.233738
33.337827
33.351536
34.008597
34.731935
34.787551
34.856749
35.171524
35.933157
36.720579
37.063871





27.821471
30.024998
30.518531
30.717619
31.613376
32.271565
32.374411
32.402434
32.617292
33.001448
33.431703
33.770048
34.490099
34.485868
34.672398
34.736250
35.559730
36.903401
37.220017





27.992188
30.999345
31.027842
32.001277
32.301143
32.303431
32.591878
33.028059
33.769836
33.454126
33.347940
33.160209
34.478838
34.582723
34.881375
35.546478
35.967147
36.645036
37.031800





28.342421
30.697109
31.521184
31.687818
32.778738
33.430413
33.597708
33.734556
33.885813
34.373965
34.543400
34.843700
35.161673
35.366995
35.382302
36.287767
36.765966
37.347112
38.659069





29.003359
30.067293
30.192166
31.361139
31.879613
32.276960
32.938647
33.154421
33.458375
33.494078
33.572730
33.951512
34.019716
34.755318
34.853602
34.965371
35.730747
36.493326
37.619842





28.674954
30.660738
31.562441
32.336007
33.092657
33.692860
33.951568
34.139271
34.346560
34.944856
35.142776
35.158108
35.296745
35.569424
35.751156
36.108214
36.571600
37.917817
38.330667





28.824911
30.897077
31.264339
31.591496
32.384121
32.764221
33.877617
33.992153
34.116067
34.479654
34.496762
34.787781
35.162148
35.779324
36.009516
36.308259
36.596767
37.170296
37.646207





29.310279
30.701423
30.982636
31.706055
32.360305
33.116893
33.626479
33.977513
34.003110
34.776035
34.900074
34.939336
35.104909
35.159409
35.186833
36.031838
36.085542
37.403640
38.103061





29.694562
30.980292
31.365532
31.582718
32.357076
32.887702
33.677846
33.789940
33.881611
34.258150
34.313181
34.903742
35.120821
35.517540
35.630331
36.181900
36.532181
37.181285
38.775514





28.365602
31.247466
31.629517
31.819805
32.160838
32.853464
33.957525
34.436133
34.462984
34.573833
34.691936
35.054851
35.327639
35.347459
35.618045
36.367147
36.521681
37.649371
37.728375





28.727910
30.606887
31.495830
32.229217
32.239648
33.415862
33.437933
34.000352
34.083816
34.051620
34.461459
35.090520
35.445297
35.582860
35.696465
35.765665
35.875690
37.474401
38.589354





27.749452
29.817270
30.719801
31.427420
31.809385
32.222061
33.081977
33.118572
33.336583
33.628453
33.912889
34.697472
35.232025
35.808148
35.475198
36.625467
35.247912
36.402545
37.097963





27.635878
30.294893
30.469356
31.009733
32.001227
32.534196
32.665010
32.792206
33.199118
33.226401
33.254940
33.988220
34.443490
34.515934
35.026552
35.469865
35.579579
36.512521
36.853083





27.471059
29.728095
30.517456
31.582683
31.969135
32.023685
32.121332
32.422137
32.610184
33.136569
33.176421
33.775719
34.210548
34.648027
34.192786
35.018226
35.739382
35.893875
36.673027





27.254066
29.751539
30.073001
30.298064
31.320679
31.999712
32.288223
32.910193
33.105487
33.238694
33.557020
33.605643
33.724533
34.083454
34.142227
35.352189
35.574791
36.194160
36.612131





27.850628
29.623997
30.033057
30.756450
31.463132
32.483669
32.552007
32.802264
33.119464
33.355263
33.765151
33.878425
33.889409
34.186678
34.301463
34.499493
35.397257
36.175624
37.457205





27.749860
29.910965
29.990468
30.994502
31.597491
32.305916
31.854542
32.491759
32.878075
32.906005
33.314183
33.432987
33.862127
34.338018
34.570837
35.687734
35.964306
36.104285
36.685160





27.639316
30.189688
30.280880
30.674759
31.214563
32.610753
32.632515
32.812695
32.881559
33.025535
33.212961
33.424508
33.694597
34.184885
35.048295
35.099928
35.272006
36.249481
37.437290





27.947395
30.109085
30.289300
30.522214
31.448720
31.588076
32.634109
32.918204
33.174999
33.200002
33.537565
33.566407
33.838356
34.036380
34.237328
34.463371
35.328844
36.438980
36.641796





27.703393
28.705161
30.110282
31.073564
31.613204
32.212952
32.596201
32.870766
33.013069
33.110020
33.308104
33.667555
33.378152
34.263341
34.278453
34.905599
34.988711
36.239647
36.845251





28.302427
30.632160
30.711822
30.737066
31.782900
32.342255
32.541731
32.612276
32.935640
33.172138
33.196373
33.306135
34.231348
34.318830
34.333556
34.511463
35.893346
36.628048
36.796009





27.652853
29.606683
30.595615
31.143365
31.247799
31.684715
32.348260
32.768655
33.092225
33.360738
33.494572
33.799581
33.830207
34.132514
34.120450
35.419457
35.799971
36.221163
36.618614





27.345758
29.596442
29.888789
31.059213
31.109674
32.293689
32.589425
32.645902
32.970426
33.236069
33.541524
33.769199
34.359712
34.384062
34.558555
34.750816
35.164318
36.222711
36.292301





28.345513
29.228206
30.038675
30.572899
31.409732
31.945158
32.714969
32.901115
32.961873
33.024147
33.060078
33.727425
34.336669
34.836164
34.968815
35.927044
35.998792
36.607722
37.044256





28.341719
30.307127
30.534069
30.812671
31.560164
31.953546
32.313749
32.459515
32.547852
32.668625
33.318468
33.489410
34.029820
34.208729
34.535646
35.293698
35.737198
36.332880
36.592641





27.672398
29.728434
29.953060
30.674112
31.116741
31.715706
32.628745
32.936281
32.945326
33.140042
33.325068
33.449139
33.972255
34.067466
34.117602
35.620040
35.641100
36.298554
36.627674





26.923164
29.682970
30.139210
30.996985
31.253586
31.606327
33.007288
33.120736
33.169884
33.312890
33.331995
33.400591
34.305927
34.759718
34.669048
35.549893
36.542557
36.620753
36.659710





28.291640
29.501564
30.013539
31.798513
31.969484
32.451869
32.792533
33.113026
33.129666
33.390856
33.737539
33.923968
34.357004
34.492858
34.801474
35.298275
35.514259
36.398758
36.779422


