





475.160493





515.254263





508.056430





481.974379





503.158991





486.801812





510.546094





489.998794





485.161039





512.932021





487.435389





527.888485





530.839640





574.526931





524.522126





475.919676





475.642866





478.351728





476.872164





478.502193





476.134763





478.073781





479.752258





480.040550





478.672723





478.007647





477.753971





475.601777





479.106809





476.682460





477.912210





476.613188





477.699208





477.434343





475.611435





474.679769





474.715369





474.965014





474.383969





474.889021





474.366575





474.404283





474.722460





473.712142





474.936014





473.605047





473.887811





474.333601





475.331908





475.438061


