





95.997577
96.806543
97.293864
102.864844
105.329928





95.902463
97.560441
97.537453
103.716175
105.543535





95.365746
96.255785
97.395671
103.134503
105.465386





95.436819
96.997736
97.248206
103.223781
104.610575





94.742186
96.697545
97.068016
102.692083
103.858878





95.227408
96.985659
97.213455
102.638364
104.519771





94.756110
96.357668
96.634778
102.282028
104.791630





95.173716
96.824481
96.985420
102.954543
104.596215





95.067669
96.923655
96.973676
103.452502
104.537146





94.769660
97.000757
97.080907
102.895556
104.770723





95.048171
96.553854
96.926546
102.220939
104.972373





95.402236
96.576329
97.449062
102.878743
104.109981





95.703018
96.966716
97.080100
103.027259
105.098218





95.340276
97.453702
97.664625
103.033203
104.996610





95.070808
96.662966
97.403467
103.090686
104.557439





95.997997
97.483046
98.240220
103.565864
105.980935





95.029788
97.182927
97.223877
102.636990
104.404389





95.318564
96.879929
97.159631
102.475951
103.893832





95.404731
96.614069
97.634064
102.220662
104.119401





95.314055
96.000728
96.862183
102.282556
104.476223





95.350184
97.445784
97.589432
103.362236
105.070621





96.273306
96.705033
97.883691
102.994939
105.198165





95.858295
97.141754
97.212758
102.899020
105.595482





95.638463
96.847740
97.966338
102.357262
104.529301





95.653812
96.237083
97.740430
101.859976
104.467655





94.921373
95.934742
97.190509
101.314726
104.378266





95.024722
96.978988
97.376777
101.998268
104.800611





95.503547
96.714729
97.393291
102.155912
104.781417





94.895987
96.823052
96.817515
101.670417
104.869811





94.722888
96.355863
97.865279
102.361382
104.492560





95.534554
96.530813
97.115398
102.245057
104.565755





95.115162
96.720881
97.376418
101.977317
104.284831





94.264669
96.900845
97.036425
101.596987
104.286644





94.712086
96.268644
96.760345
102.425058
104.384198





95.492892
96.685714
97.044538
102.094034
105.437257





94.885887
96.151069
96.377230
101.995362
104.302977





94.693270
96.167367
96.551314
102.131217
104.616541





95.229088
96.459901
96.836300
102.099771
104.536722





94.571815
97.031100
97.224877
102.061529
104.299013





94.793465
96.154600
97.019590
102.073674
103.843272





95.156054
96.737696
96.899065
102.630094
104.760898





94.741514
96.154028
96.527169
102.091234
104.697345





95.164863
96.829811
96.924133
102.649822
104.773302





94.628824
96.353837
96.605379
102.177275
104.238278





94.669788
96.574916
96.993835
102.391399
105.032876





94.900711
96.295050
97.015028
102.032431
104.370930





95.411393
96.082821
97.393362
102.462518
104.200020





95.282378
96.931135
96.979908
102.662852
104.346634





94.942497
96.793983
97.579528
102.923334
104.384856





95.364001
96.527816
96.924349
102.618217
103.956098


